10834840
11139704
11734984
8313208
12689672
12159512
13208960
10775768
11455496
11016864
11838792
9511256
10422344
9792200
11526992
8619576
7116616
6759888
9426920
7527136
8585520
10699592
10258824
10039256
12334432
9434200
7890072
7229824
8568744
12113072
13505784
16516056
13461256
14281928
11820328
7608304
7247856
8389024
11075904
10676992
11463720
10463688
10380144
9421760
9610264
9506912
8422544
10141752
11270944
10856088
10743112
5492576
8648256
8397208
13807256
11380224
10488584
10282264
10836576
9635120
8549240
10157512
9659440
11843352
13372768
14654288
13817880
15738936
13021040
13463760
12215896
13271632
13166824
12958096
12627168
13221464
14953512
15766952
12275216
15576504
11930048
14892048
13621872
13100912
14417552
12448192
11457888
13360384
13911672
10983456
12281648
7949784
11915032
11418288
12105288
10885888
13429792
15169376
14476768
13360160
13027176
12474680
13466792
13481640
9237704
13373064
11301576
12638760
9167944
9207088
